kernel line : count latency dram_traffic smem_bk_conflicts smem_warp gmem_access_generated gmem_warp exposed_latency warp_divergence
matrixMul.1.sm_30.ptx 329 : 262144 1852512 0 0 0 0 0 0 0 
matrixMul.1.sm_30.ptx 328 : 262144 1927456 0 0 0 32768 8192 0 0 
matrixMul.1.sm_30.ptx 327 : 262144 3014176 0 0 0 0 0 0 0 
matrixMul.1.sm_30.ptx 326 : 262144 2956960 0 0 0 0 0 0 0 
matrixMul.1.sm_30.ptx 325 : 262144 2268128 0 0 0 0 0 0 0 
matrixMul.1.sm_30.ptx 324 : 262144 4185216 0 0 0 0 0 0 0 
matrixMul.1.sm_30.ptx 323 : 262144 1938720 0 0 0 0 0 0 0 
matrixMul.1.sm_30.ptx 322 : 262144 2893920 0 0 0 0 0 0 0 
matrixMul.1.sm_30.ptx 321 : 262144 1867776 0 0 0 0 0 0 0 
matrixMul.1.sm_30.ptx 320 : 262144 4482336 0 0 0 0 0 0 0 
matrixMul.1.sm_30.ptx 319 : 262144 1572864 0 0 0 0 0 0 0 
matrixMul.1.sm_30.ptx 318 : 262144 1572864 0 0 0 0 0 0 0 
matrixMul.1.sm_30.ptx 315 : 4194304 23592960 0 0 0 0 0 0 0 
matrixMul.1.sm_30.ptx 314 : 4194304 29601024 0 0 0 0 0 0 0 
matrixMul.1.sm_30.ptx 313 : 4194304 49764864 0 0 0 0 0 0 0 
matrixMul.1.sm_30.ptx 312 : 4194304 68469184 0 0 0 0 0 0 0 
matrixMul.1.sm_30.ptx 311 : 4194304 32328992 0 0 0 0 0 0 0 
matrixMul.1.sm_30.ptx 310 : 4194304 38737408 0 0 0 0 0 0 0 
matrixMul.1.sm_30.ptx 309 : 4194304 167711488 0 131072 131072 0 0 0 0 
matrixMul.1.sm_30.ptx 308 : 4194304 166123520 0 131072 131072 0 0 0 0 
matrixMul.1.sm_30.ptx 307 : 4194304 39030784 0 0 0 0 0 0 0 
matrixMul.1.sm_30.ptx 306 : 4194304 172977760 0 131072 131072 0 0 0 0 
matrixMul.1.sm_30.ptx 305 : 4194304 171435744 0 131072 131072 0 0 0 0 
matrixMul.1.sm_30.ptx 304 : 4194304 39647104 0 0 0 0 0 0 0 
matrixMul.1.sm_30.ptx 303 : 4194304 179142112 0 131072 131072 0 0 0 0 
matrixMul.1.sm_30.ptx 302 : 4194304 182871808 0 131072 131072 0 0 0 0 
matrixMul.1.sm_30.ptx 301 : 4194304 39897344 0 0 0 0 0 0 0 
matrixMul.1.sm_30.ptx 300 : 4194304 179073312 0 131072 131072 0 0 0 0 
matrixMul.1.sm_30.ptx 299 : 4194304 179808320 0 131072 131072 0 0 0 0 
matrixMul.1.sm_30.ptx 298 : 4194304 40614176 0 0 0 0 0 0 0 
matrixMul.1.sm_30.ptx 297 : 4194304 181582624 0 131072 131072 0 0 0 0 
matrixMul.1.sm_30.ptx 296 : 4194304 187258656 0 131072 131072 0 0 0 0 
matrixMul.1.sm_30.ptx 295 : 4194304 40198848 0 0 0 0 0 0 0 
matrixMul.1.sm_30.ptx 294 : 4194304 179468384 0 131072 131072 0 0 0 0 
matrixMul.1.sm_30.ptx 293 : 4194304 187948960 0 131072 131072 0 0 0 0 
matrixMul.1.sm_30.ptx 292 : 4194304 40875168 0 0 0 0 0 0 0 
matrixMul.1.sm_30.ptx 291 : 4194304 184851328 0 131072 131072 0 0 0 0 
matrixMul.1.sm_30.ptx 290 : 4194304 183730816 0 131072 131072 0 0 0 0 
matrixMul.1.sm_30.ptx 289 : 4194304 39909664 0 0 0 0 0 0 0 
matrixMul.1.sm_30.ptx 288 : 4194304 202036032 0 131072 131072 0 0 0 0 
matrixMul.1.sm_30.ptx 287 : 4194304 190448032 0 131072 131072 0 0 0 0 
matrixMul.1.sm_30.ptx 286 : 4194304 40613600 0 0 0 0 0 0 0 
matrixMul.1.sm_30.ptx 285 : 4194304 180370752 0 131072 131072 0 0 0 0 
matrixMul.1.sm_30.ptx 284 : 4194304 185663360 0 131072 131072 0 0 0 0 
matrixMul.1.sm_30.ptx 283 : 4194304 40783040 0 0 0 0 0 0 0 
matrixMul.1.sm_30.ptx 282 : 4194304 180384704 0 131072 131072 0 0 0 0 
matrixMul.1.sm_30.ptx 281 : 4194304 184668160 0 131072 131072 0 0 0 0 
matrixMul.1.sm_30.ptx 280 : 4194304 40579296 0 0 0 0 0 0 0 
matrixMul.1.sm_30.ptx 279 : 4194304 182884512 0 131072 131072 0 0 0 0 
matrixMul.1.sm_30.ptx 278 : 4194304 186242784 0 131072 131072 0 0 0 0 
matrixMul.1.sm_30.ptx 277 : 4194304 40423520 0 0 0 0 0 0 0 
matrixMul.1.sm_30.ptx 276 : 4194304 180929216 0 131072 131072 0 0 0 0 
matrixMul.1.sm_30.ptx 275 : 4194304 193939776 0 131072 131072 0 0 0 0 
matrixMul.1.sm_30.ptx 274 : 4194304 40359328 0 0 0 0 0 0 0 
matrixMul.1.sm_30.ptx 273 : 4194304 185861376 0 131072 131072 0 0 0 0 
matrixMul.1.sm_30.ptx 272 : 4194304 191023552 0 131072 131072 0 0 0 0 
matrixMul.1.sm_30.ptx 271 : 4194304 40691200 0 0 0 0 0 0 0 
matrixMul.1.sm_30.ptx 270 : 4194304 205095168 0 131072 131072 0 0 0 0 
matrixMul.1.sm_30.ptx 269 : 4194304 217004320 0 131072 131072 0 0 0 0 
matrixMul.1.sm_30.ptx 268 : 4194304 41172992 0 0 0 0 0 0 0 
matrixMul.1.sm_30.ptx 267 : 4194304 211023552 0 131072 131072 0 0 0 0 
matrixMul.1.sm_30.ptx 266 : 4194304 213536704 0 131072 131072 0 0 0 0 
matrixMul.1.sm_30.ptx 265 : 4194304 42119168 0 0 0 0 0 0 0 
matrixMul.1.sm_30.ptx 264 : 4194304 182752096 0 131072 131072 0 0 0 0 
matrixMul.1.sm_30.ptx 263 : 4194304 186703232 0 131072 131072 0 0 0 0 
matrixMul.1.sm_30.ptx 262 : 4194304 42972608 0 0 0 0 0 0 0 
matrixMul.1.sm_30.ptx 261 : 4194304 190464640 0 131072 131072 0 0 0 0 
matrixMul.1.sm_30.ptx 260 : 4194304 189974528 0 131072 131072 0 0 0 0 
matrixMul.1.sm_30.ptx 259 : 4194304 42125888 0 0 0 0 0 0 0 
matrixMul.1.sm_30.ptx 258 : 4194304 196098656 0 131072 131072 0 0 0 0 
matrixMul.1.sm_30.ptx 257 : 4194304 188854112 0 131072 131072 0 0 0 0 
matrixMul.1.sm_30.ptx 256 : 4194304 41933888 0 0 0 0 0 0 0 
matrixMul.1.sm_30.ptx 255 : 4194304 194223040 0 131072 131072 0 0 0 0 
matrixMul.1.sm_30.ptx 254 : 4194304 200961760 0 131072 131072 0 0 0 0 
matrixMul.1.sm_30.ptx 253 : 4194304 42597632 0 0 0 0 0 0 0 
matrixMul.1.sm_30.ptx 252 : 4194304 187424576 0 131072 131072 0 0 0 0 
matrixMul.1.sm_30.ptx 251 : 4194304 194647872 0 131072 131072 0 0 0 0 
matrixMul.1.sm_30.ptx 250 : 4194304 42913632 0 0 0 0 0 0 0 
matrixMul.1.sm_30.ptx 205 : 4194304 50546208 0 0 0 0 0 0 0 
matrixMul.1.sm_30.ptx 204 : 4194304 64431136 0 0 0 0 0 0 0 
matrixMul.1.sm_30.ptx 201 : 262144 2320160 0 0 0 0 0 0 0 
matrixMul.1.sm_30.ptx 200 : 262144 2245088 0 0 0 0 0 0 0 
matrixMul.1.sm_30.ptx 199 : 262144 2463328 0 0 0 0 0 0 0 
matrixMul.1.sm_30.ptx 198 : 262144 3663648 0 0 0 0 0 0 0 
matrixMul.1.sm_30.ptx 197 : 262144 3737568 0 0 0 0 0 0 0 
matrixMul.1.sm_30.ptx 196 : 262144 3106144 0 0 0 0 0 0 0 
matrixMul.1.sm_30.ptx 195 : 262144 2647104 0 0 0 0 0 0 0 
matrixMul.1.sm_30.ptx 194 : 262144 3282752 0 0 0 0 0 0 0 
matrixMul.1.sm_30.ptx 193 : 262144 3205088 0 0 0 0 0 0 0 
matrixMul.1.sm_30.ptx 192 : 262144 2071296 0 0 0 0 0 0 0 
matrixMul.1.sm_30.ptx 191 : 262144 3022176 0 0 0 0 0 0 0 
matrixMul.1.sm_30.ptx 190 : 262144 2833952 0 0 0 0 0 0 0 
matrixMul.1.sm_30.ptx 189 : 262144 2037984 0 0 0 0 0 0 0 
matrixMul.1.sm_30.ptx 188 : 262144 3243328 0 0 0 0 0 0 0 
matrixMul.1.sm_30.ptx 187 : 262144 1581120 0 0 0 0 0 0 0 
matrixMul.1.sm_30.ptx 186 : 262144 1708128 0 0 0 0 0 0 0 
matrixMul.1.sm_30.ptx 174 : 262144 2560256 0 0 0 0 0 0 0 
matrixMul.1.sm_30.ptx 173 : 262144 3457024 0 0 0 0 0 0 0 
matrixMul.1.sm_30.ptx 172 : 262144 3407872 0 0 0 0 0 0 0 
matrixMul.1.sm_30.ptx 171 : 262144 3407872 0 0 0 0 0 0 0 
matrixMul.1.sm_30.ptx 206 : 4194304 49411616 0 0 0 0 0 0 0 
matrixMul.1.sm_30.ptx 169 : 262144 7413184 0 0 0 0 0 0 0 
matrixMul.1.sm_30.ptx 248 : 4194304 207440256 0 131072 131072 0 0 0 0 
matrixMul.1.sm_30.ptx 207 : 4194304 1436756192 0 0 0 524288 131072 0 0 
matrixMul.1.sm_30.ptx 170 : 262144 3407872 0 0 0 0 0 0 0 
matrixMul.1.sm_30.ptx 249 : 4194304 190037952 0 131072 131072 0 0 0 0 
matrixMul.1.sm_30.ptx 175 : 262144 3553312 0 0 0 0 0 0 0 
matrixMul.1.sm_30.ptx 176 : 262144 2020480 0 0 0 0 0 0 0 
matrixMul.1.sm_30.ptx 177 : 262144 3883744 0 0 0 0 0 0 0 
matrixMul.1.sm_30.ptx 178 : 262144 2857760 0 0 0 0 0 0 0 
matrixMul.1.sm_30.ptx 179 : 262144 3583904 0 0 0 0 0 0 0 
matrixMul.1.sm_30.ptx 180 : 262144 1920288 0 0 0 0 0 0 0 
matrixMul.1.sm_30.ptx 181 : 262144 1764736 0 0 0 0 0 0 0 
matrixMul.1.sm_30.ptx 182 : 262144 0 0 0 0 0 0 0 0 
matrixMul.1.sm_30.ptx 184 : 262144 1574752 0 0 0 0 0 0 0 
matrixMul.1.sm_30.ptx 185 : 262144 1736192 0 0 0 0 0 0 0 
matrixMul.1.sm_30.ptx 208 : 4194304 18198496 0 131072 131072 0 0 0 0 
matrixMul.1.sm_30.ptx 209 : 4194304 42684480 0 0 0 0 0 0 0 
matrixMul.1.sm_30.ptx 210 : 4194304 42297248 0 0 0 0 0 0 0 
matrixMul.1.sm_30.ptx 211 : 4194304 42340768 0 0 0 0 0 0 0 
matrixMul.1.sm_30.ptx 212 : 4194304 1250972448 0 0 0 524288 131072 0 0 
matrixMul.1.sm_30.ptx 213 : 4194304 17007104 0 131072 131072 0 0 0 0 
matrixMul.1.sm_30.ptx 214 : 4194304 20973664 0 0 0 0 0 0 0 
matrixMul.1.sm_30.ptx 215 : 4194304 196330688 0 131072 131072 0 0 0 0 
matrixMul.1.sm_30.ptx 216 : 4194304 181413920 0 131072 131072 0 0 0 0 
matrixMul.1.sm_30.ptx 217 : 4194304 41840960 0 0 0 0 0 0 0 
matrixMul.1.sm_30.ptx 218 : 4194304 206906144 0 131072 131072 0 0 0 0 
matrixMul.1.sm_30.ptx 219 : 4194304 198230240 0 131072 131072 0 0 0 0 
matrixMul.1.sm_30.ptx 220 : 4194304 43151360 0 0 0 0 0 0 0 
matrixMul.1.sm_30.ptx 221 : 4194304 206171776 0 131072 131072 0 0 0 0 
matrixMul.1.sm_30.ptx 222 : 4194304 206736128 0 131072 131072 0 0 0 0 
matrixMul.1.sm_30.ptx 223 : 4194304 44787872 0 0 0 0 0 0 0 
matrixMul.1.sm_30.ptx 224 : 4194304 194055968 0 131072 131072 0 0 0 0 
matrixMul.1.sm_30.ptx 225 : 4194304 248410080 0 131072 131072 0 0 0 0 
matrixMul.1.sm_30.ptx 226 : 4194304 45011680 0 0 0 0 0 0 0 
matrixMul.1.sm_30.ptx 227 : 4194304 195364288 0 131072 131072 0 0 0 0 
matrixMul.1.sm_30.ptx 228 : 4194304 244265888 0 131072 131072 0 0 0 0 
matrixMul.1.sm_30.ptx 229 : 4194304 44935264 0 0 0 0 0 0 0 
matrixMul.1.sm_30.ptx 230 : 4194304 290174176 0 131072 131072 0 0 0 0 
matrixMul.1.sm_30.ptx 231 : 4194304 195682784 0 131072 131072 0 0 0 0 
matrixMul.1.sm_30.ptx 232 : 4194304 44443776 0 0 0 0 0 0 0 
matrixMul.1.sm_30.ptx 233 : 4194304 197911712 0 131072 131072 0 0 0 0 
matrixMul.1.sm_30.ptx 234 : 4194304 193709056 0 131072 131072 0 0 0 0 
matrixMul.1.sm_30.ptx 235 : 4194304 43325408 0 0 0 0 0 0 0 
matrixMul.1.sm_30.ptx 236 : 4194304 202836960 0 131072 131072 0 0 0 0 
matrixMul.1.sm_30.ptx 237 : 4194304 189725120 0 131072 131072 0 0 0 0 
matrixMul.1.sm_30.ptx 238 : 4194304 42469024 0 0 0 0 0 0 0 
matrixMul.1.sm_30.ptx 239 : 4194304 198784992 0 131072 131072 0 0 0 0 
matrixMul.1.sm_30.ptx 240 : 4194304 188731648 0 131072 131072 0 0 0 0 
matrixMul.1.sm_30.ptx 241 : 4194304 44248352 0 0 0 0 0 0 0 
matrixMul.1.sm_30.ptx 242 : 4194304 194503808 0 131072 131072 0 0 0 0 
matrixMul.1.sm_30.ptx 243 : 4194304 185038080 0 131072 131072 0 0 0 0 
matrixMul.1.sm_30.ptx 244 : 4194304 42125536 0 0 0 0 0 0 0 
matrixMul.1.sm_30.ptx 245 : 4194304 191399040 0 131072 131072 0 0 0 0 
matrixMul.1.sm_30.ptx 246 : 4194304 191036160 0 131072 131072 0 0 0 0 
matrixMul.1.sm_30.ptx 247 : 4194304 41842048 0 0 0 0 0 0 0 
