kernel line : count latency dram_traffic smem_bk_conflicts smem_warp gmem_access_generated gmem_warp exposed_latency warp_divergence
matrixMul.1.sm_30.ptx 329 : 262144 1851840 0 0 0 0 0 0 0 
matrixMul.1.sm_30.ptx 328 : 262144 1921856 0 0 0 32768 8192 0 0 
matrixMul.1.sm_30.ptx 327 : 262144 3015488 0 0 0 0 0 0 0 
matrixMul.1.sm_30.ptx 326 : 262144 2962496 0 0 0 0 0 0 0 
matrixMul.1.sm_30.ptx 325 : 262144 2260928 0 0 0 0 0 0 0 
matrixMul.1.sm_30.ptx 324 : 262144 4177408 0 0 0 0 0 0 0 
matrixMul.1.sm_30.ptx 323 : 262144 1943616 0 0 0 0 0 0 0 
matrixMul.1.sm_30.ptx 322 : 262144 2894016 0 0 0 0 0 0 0 
matrixMul.1.sm_30.ptx 321 : 262144 1867776 0 0 0 0 0 0 0 
matrixMul.1.sm_30.ptx 320 : 262144 4482368 0 0 0 0 0 0 0 
matrixMul.1.sm_30.ptx 319 : 262144 1572864 0 0 0 0 0 0 0 
matrixMul.1.sm_30.ptx 318 : 262144 1572864 0 0 0 0 0 0 0 
matrixMul.1.sm_30.ptx 315 : 4194304 23592960 0 0 0 0 0 0 0 
matrixMul.1.sm_30.ptx 314 : 4194304 29622016 0 0 0 0 0 0 0 
matrixMul.1.sm_30.ptx 313 : 4194304 49806848 0 0 0 0 0 0 0 
matrixMul.1.sm_30.ptx 312 : 4194304 68484928 0 0 0 0 0 0 0 
matrixMul.1.sm_30.ptx 311 : 4194304 32224160 0 0 0 0 0 0 0 
matrixMul.1.sm_30.ptx 310 : 4194304 38816160 0 0 0 0 0 0 0 
matrixMul.1.sm_30.ptx 309 : 4194304 167837728 0 131072 131072 0 0 0 0 
matrixMul.1.sm_30.ptx 308 : 4194304 166206368 0 131072 131072 0 0 0 0 
matrixMul.1.sm_30.ptx 307 : 4194304 39092576 0 0 0 0 0 0 0 
matrixMul.1.sm_30.ptx 306 : 4194304 173171744 0 131072 131072 0 0 0 0 
matrixMul.1.sm_30.ptx 305 : 4194304 171577984 0 131072 131072 0 0 0 0 
matrixMul.1.sm_30.ptx 304 : 4194304 39658272 0 0 0 0 0 0 0 
matrixMul.1.sm_30.ptx 303 : 4194304 178848352 0 131072 131072 0 0 0 0 
matrixMul.1.sm_30.ptx 302 : 4194304 182554688 0 131072 131072 0 0 0 0 
matrixMul.1.sm_30.ptx 301 : 4194304 39909792 0 0 0 0 0 0 0 
matrixMul.1.sm_30.ptx 300 : 4194304 178804448 0 131072 131072 0 0 0 0 
matrixMul.1.sm_30.ptx 299 : 4194304 179487456 0 131072 131072 0 0 0 0 
matrixMul.1.sm_30.ptx 298 : 4194304 40597408 0 0 0 0 0 0 0 
matrixMul.1.sm_30.ptx 297 : 4194304 181193440 0 131072 131072 0 0 0 0 
matrixMul.1.sm_30.ptx 296 : 4194304 186759008 0 131072 131072 0 0 0 0 
matrixMul.1.sm_30.ptx 295 : 4194304 40190208 0 0 0 0 0 0 0 
matrixMul.1.sm_30.ptx 294 : 4194304 179354528 0 131072 131072 0 0 0 0 
matrixMul.1.sm_30.ptx 293 : 4194304 187020288 0 131072 131072 0 0 0 0 
matrixMul.1.sm_30.ptx 292 : 4194304 40908224 0 0 0 0 0 0 0 
matrixMul.1.sm_30.ptx 291 : 4194304 185127520 0 131072 131072 0 0 0 0 
matrixMul.1.sm_30.ptx 290 : 4194304 183455680 0 131072 131072 0 0 0 0 
matrixMul.1.sm_30.ptx 289 : 4194304 39848224 0 0 0 0 0 0 0 
matrixMul.1.sm_30.ptx 288 : 4194304 203759776 0 131072 131072 0 0 0 0 
matrixMul.1.sm_30.ptx 287 : 4194304 189772096 0 131072 131072 0 0 0 0 
matrixMul.1.sm_30.ptx 286 : 4194304 40537376 0 0 0 0 0 0 0 
matrixMul.1.sm_30.ptx 285 : 4194304 180454336 0 131072 131072 0 0 0 0 
matrixMul.1.sm_30.ptx 284 : 4194304 185196032 0 131072 131072 0 0 0 0 
matrixMul.1.sm_30.ptx 283 : 4194304 40754400 0 0 0 0 0 0 0 
matrixMul.1.sm_30.ptx 282 : 4194304 180454912 0 131072 131072 0 0 0 0 
matrixMul.1.sm_30.ptx 281 : 4194304 184674880 0 131072 131072 0 0 0 0 
matrixMul.1.sm_30.ptx 280 : 4194304 40595968 0 0 0 0 0 0 0 
matrixMul.1.sm_30.ptx 279 : 4194304 182988448 0 131072 131072 0 0 0 0 
matrixMul.1.sm_30.ptx 278 : 4194304 185882112 0 131072 131072 0 0 0 0 
matrixMul.1.sm_30.ptx 277 : 4194304 40349504 0 0 0 0 0 0 0 
matrixMul.1.sm_30.ptx 276 : 4194304 180625344 0 131072 131072 0 0 0 0 
matrixMul.1.sm_30.ptx 275 : 4194304 194451008 0 131072 131072 0 0 0 0 
matrixMul.1.sm_30.ptx 274 : 4194304 40387200 0 0 0 0 0 0 0 
matrixMul.1.sm_30.ptx 273 : 4194304 185281984 0 131072 131072 0 0 0 0 
matrixMul.1.sm_30.ptx 272 : 4194304 190475584 0 131072 131072 0 0 0 0 
matrixMul.1.sm_30.ptx 271 : 4194304 40759904 0 0 0 0 0 0 0 
matrixMul.1.sm_30.ptx 270 : 4194304 208552544 0 131072 131072 0 0 0 0 
matrixMul.1.sm_30.ptx 269 : 4194304 220488032 0 131072 131072 0 0 0 0 
matrixMul.1.sm_30.ptx 268 : 4194304 41308480 0 0 0 0 0 0 0 
matrixMul.1.sm_30.ptx 267 : 4194304 214642912 0 131072 131072 0 0 0 0 
matrixMul.1.sm_30.ptx 266 : 4194304 217927968 0 131072 131072 0 0 0 0 
matrixMul.1.sm_30.ptx 265 : 4194304 42298880 0 0 0 0 0 0 0 
matrixMul.1.sm_30.ptx 264 : 4194304 183051072 0 131072 131072 0 0 0 0 
matrixMul.1.sm_30.ptx 263 : 4194304 186653312 0 131072 131072 0 0 0 0 
matrixMul.1.sm_30.ptx 262 : 4194304 43288480 0 0 0 0 0 0 0 
matrixMul.1.sm_30.ptx 261 : 4194304 190938016 0 131072 131072 0 0 0 0 
matrixMul.1.sm_30.ptx 260 : 4194304 190308768 0 131072 131072 0 0 0 0 
matrixMul.1.sm_30.ptx 259 : 4194304 42344928 0 0 0 0 0 0 0 
matrixMul.1.sm_30.ptx 258 : 4194304 196083616 0 131072 131072 0 0 0 0 
matrixMul.1.sm_30.ptx 257 : 4194304 189102656 0 131072 131072 0 0 0 0 
matrixMul.1.sm_30.ptx 256 : 4194304 42099712 0 0 0 0 0 0 0 
matrixMul.1.sm_30.ptx 255 : 4194304 194765472 0 131072 131072 0 0 0 0 
matrixMul.1.sm_30.ptx 254 : 4194304 202556128 0 131072 131072 0 0 0 0 
matrixMul.1.sm_30.ptx 253 : 4194304 42810496 0 0 0 0 0 0 0 
matrixMul.1.sm_30.ptx 252 : 4194304 188159264 0 131072 131072 0 0 0 0 
matrixMul.1.sm_30.ptx 251 : 4194304 195776544 0 131072 131072 0 0 0 0 
matrixMul.1.sm_30.ptx 250 : 4194304 43200064 0 0 0 0 0 0 0 
matrixMul.1.sm_30.ptx 205 : 4194304 50553632 0 0 0 0 0 0 0 
matrixMul.1.sm_30.ptx 204 : 4194304 64518368 0 0 0 0 0 0 0 
matrixMul.1.sm_30.ptx 201 : 262144 2259616 0 0 0 0 0 0 0 
matrixMul.1.sm_30.ptx 200 : 262144 2248928 0 0 0 0 0 0 0 
matrixMul.1.sm_30.ptx 199 : 262144 2496416 0 0 0 0 0 0 0 
matrixMul.1.sm_30.ptx 198 : 262144 3688768 0 0 0 0 0 0 0 
matrixMul.1.sm_30.ptx 197 : 262144 3774016 0 0 0 0 0 0 0 
matrixMul.1.sm_30.ptx 196 : 262144 3073408 0 0 0 0 0 0 0 
matrixMul.1.sm_30.ptx 195 : 262144 2680384 0 0 0 0 0 0 0 
matrixMul.1.sm_30.ptx 194 : 262144 3265312 0 0 0 0 0 0 0 
matrixMul.1.sm_30.ptx 193 : 262144 3195648 0 0 0 0 0 0 0 
matrixMul.1.sm_30.ptx 192 : 262144 2075520 0 0 0 0 0 0 0 
matrixMul.1.sm_30.ptx 191 : 262144 3005184 0 0 0 0 0 0 0 
matrixMul.1.sm_30.ptx 190 : 262144 2909856 0 0 0 0 0 0 0 
matrixMul.1.sm_30.ptx 189 : 262144 2023168 0 0 0 0 0 0 0 
matrixMul.1.sm_30.ptx 188 : 262144 3256320 0 0 0 0 0 0 0 
matrixMul.1.sm_30.ptx 187 : 262144 1580320 0 0 0 0 0 0 0 
matrixMul.1.sm_30.ptx 186 : 262144 1706144 0 0 0 0 0 0 0 
matrixMul.1.sm_30.ptx 174 : 262144 2577408 0 0 0 0 0 0 0 
matrixMul.1.sm_30.ptx 173 : 262144 3457024 0 0 0 0 0 0 0 
matrixMul.1.sm_30.ptx 172 : 262144 3407872 0 0 0 0 0 0 0 
matrixMul.1.sm_30.ptx 171 : 262144 3407872 0 0 0 0 0 0 0 
matrixMul.1.sm_30.ptx 206 : 4194304 49417600 0 0 0 0 0 0 0 
matrixMul.1.sm_30.ptx 169 : 262144 7410336 0 0 0 0 0 0 0 
matrixMul.1.sm_30.ptx 248 : 4194304 209040160 0 131072 131072 0 0 0 0 
matrixMul.1.sm_30.ptx 207 : 4194304 1601567136 0 0 0 524288 131072 0 0 
matrixMul.1.sm_30.ptx 170 : 262144 3407872 0 0 0 0 0 0 0 
matrixMul.1.sm_30.ptx 249 : 4194304 191043136 0 131072 131072 0 0 0 0 
matrixMul.1.sm_30.ptx 175 : 262144 3554816 0 0 0 0 0 0 0 
matrixMul.1.sm_30.ptx 176 : 262144 2016320 0 0 0 0 0 0 0 
matrixMul.1.sm_30.ptx 177 : 262144 3890592 0 0 0 0 0 0 0 
matrixMul.1.sm_30.ptx 178 : 262144 2856640 0 0 0 0 0 0 0 
matrixMul.1.sm_30.ptx 179 : 262144 3643776 0 0 0 0 0 0 0 
matrixMul.1.sm_30.ptx 180 : 262144 1888864 0 0 0 0 0 0 0 
matrixMul.1.sm_30.ptx 181 : 262144 1763168 0 0 0 0 0 0 0 
matrixMul.1.sm_30.ptx 182 : 262144 0 0 0 0 0 0 0 0 
matrixMul.1.sm_30.ptx 184 : 262144 1574240 0 0 0 0 0 0 0 
matrixMul.1.sm_30.ptx 185 : 262144 1743488 0 0 0 0 0 0 0 
matrixMul.1.sm_30.ptx 208 : 4194304 17927424 0 131072 131072 0 0 0 0 
matrixMul.1.sm_30.ptx 209 : 4194304 40335712 0 0 0 0 0 0 0 
matrixMul.1.sm_30.ptx 210 : 4194304 39392832 0 0 0 0 0 0 0 
matrixMul.1.sm_30.ptx 211 : 4194304 39427520 0 0 0 0 0 0 0 
matrixMul.1.sm_30.ptx 212 : 4194304 1347382304 0 0 0 524288 131072 0 0 
matrixMul.1.sm_30.ptx 213 : 4194304 16808480 0 131072 131072 0 0 0 0 
matrixMul.1.sm_30.ptx 214 : 4194304 20982880 0 0 0 0 0 0 0 
matrixMul.1.sm_30.ptx 215 : 4194304 196139936 0 131072 131072 0 0 0 0 
matrixMul.1.sm_30.ptx 216 : 4194304 181408512 0 131072 131072 0 0 0 0 
matrixMul.1.sm_30.ptx 217 : 4194304 42103008 0 0 0 0 0 0 0 
matrixMul.1.sm_30.ptx 218 : 4194304 205590080 0 131072 131072 0 0 0 0 
matrixMul.1.sm_30.ptx 219 : 4194304 198235680 0 131072 131072 0 0 0 0 
matrixMul.1.sm_30.ptx 220 : 4194304 43140896 0 0 0 0 0 0 0 
matrixMul.1.sm_30.ptx 221 : 4194304 200955328 0 131072 131072 0 0 0 0 
matrixMul.1.sm_30.ptx 222 : 4194304 208396064 0 131072 131072 0 0 0 0 
matrixMul.1.sm_30.ptx 223 : 4194304 44866976 0 0 0 0 0 0 0 
matrixMul.1.sm_30.ptx 224 : 4194304 194550688 0 131072 131072 0 0 0 0 
matrixMul.1.sm_30.ptx 225 : 4194304 239031392 0 131072 131072 0 0 0 0 
matrixMul.1.sm_30.ptx 226 : 4194304 45194336 0 0 0 0 0 0 0 
matrixMul.1.sm_30.ptx 227 : 4194304 193948448 0 131072 131072 0 0 0 0 
matrixMul.1.sm_30.ptx 228 : 4194304 243767008 0 131072 131072 0 0 0 0 
matrixMul.1.sm_30.ptx 229 : 4194304 45379744 0 0 0 0 0 0 0 
matrixMul.1.sm_30.ptx 230 : 4194304 299728192 0 131072 131072 0 0 0 0 
matrixMul.1.sm_30.ptx 231 : 4194304 196990304 0 131072 131072 0 0 0 0 
matrixMul.1.sm_30.ptx 232 : 4194304 44840672 0 0 0 0 0 0 0 
matrixMul.1.sm_30.ptx 233 : 4194304 198202688 0 131072 131072 0 0 0 0 
matrixMul.1.sm_30.ptx 234 : 4194304 193419104 0 131072 131072 0 0 0 0 
matrixMul.1.sm_30.ptx 235 : 4194304 43406336 0 0 0 0 0 0 0 
matrixMul.1.sm_30.ptx 236 : 4194304 201647008 0 131072 131072 0 0 0 0 
matrixMul.1.sm_30.ptx 237 : 4194304 189823200 0 131072 131072 0 0 0 0 
matrixMul.1.sm_30.ptx 238 : 4194304 42535808 0 0 0 0 0 0 0 
matrixMul.1.sm_30.ptx 239 : 4194304 192504512 0 131072 131072 0 0 0 0 
matrixMul.1.sm_30.ptx 240 : 4194304 188468672 0 131072 131072 0 0 0 0 
matrixMul.1.sm_30.ptx 241 : 4194304 44274528 0 0 0 0 0 0 0 
matrixMul.1.sm_30.ptx 242 : 4194304 189263456 0 131072 131072 0 0 0 0 
matrixMul.1.sm_30.ptx 243 : 4194304 185656768 0 131072 131072 0 0 0 0 
matrixMul.1.sm_30.ptx 244 : 4194304 42226048 0 0 0 0 0 0 0 
matrixMul.1.sm_30.ptx 245 : 4194304 192226528 0 131072 131072 0 0 0 0 
matrixMul.1.sm_30.ptx 246 : 4194304 191979328 0 131072 131072 0 0 0 0 
matrixMul.1.sm_30.ptx 247 : 4194304 41951040 0 0 0 0 0 0 0 
