kernel line : count latency dram_traffic smem_bk_conflicts smem_warp gmem_access_generated gmem_warp exposed_latency warp_divergence
matrixMul.1.sm_30.ptx 194 : 262144 1610368 0 0 0 0 0 0 0 
matrixMul.1.sm_30.ptx 193 : 262144 1889568 1048576 0 0 8192 8192 0 0 
matrixMul.1.sm_30.ptx 192 : 262144 2737280 0 0 0 0 0 0 0 
matrixMul.1.sm_30.ptx 191 : 262144 2734304 0 0 0 0 0 0 0 
matrixMul.1.sm_30.ptx 190 : 262144 1944160 0 0 0 0 0 0 0 
matrixMul.1.sm_30.ptx 189 : 262144 3152640 0 0 0 0 0 0 0 
matrixMul.1.sm_30.ptx 188 : 262144 1614016 0 0 0 0 0 0 0 
matrixMul.1.sm_30.ptx 187 : 262144 2843552 0 0 0 0 0 0 0 
matrixMul.1.sm_30.ptx 186 : 262144 1605472 0 0 0 0 0 0 0 
matrixMul.1.sm_30.ptx 185 : 262144 3059488 0 0 0 0 0 0 0 
matrixMul.1.sm_30.ptx 184 : 262144 1956960 0 0 0 0 0 0 0 
matrixMul.1.sm_30.ptx 183 : 262144 1599136 0 0 0 0 0 0 0 
matrixMul.1.sm_30.ptx 180 : 4194304 24031456 0 0 0 0 0 0 0 
matrixMul.1.sm_30.ptx 179 : 4194304 29959840 0 0 0 0 0 0 0 
matrixMul.1.sm_30.ptx 178 : 4194304 42241024 0 0 0 0 0 0 0 
matrixMul.1.sm_30.ptx 177 : 4194304 43235552 0 0 0 0 0 0 0 
matrixMul.1.sm_30.ptx 176 : 4194304 25173440 0 0 0 0 0 0 0 
matrixMul.1.sm_30.ptx 175 : 4194304 46867200 0 0 0 0 0 0 0 
matrixMul.1.sm_30.ptx 174 : 4194304 59665440 0 131072 131072 0 0 0 0 
matrixMul.1.sm_30.ptx 173 : 4194304 59562688 0 131072 131072 0 0 0 0 
matrixMul.1.sm_30.ptx 172 : 4194304 46968640 0 0 0 0 0 0 0 
matrixMul.1.sm_30.ptx 171 : 4194304 59859840 0 131072 131072 0 0 0 0 
matrixMul.1.sm_30.ptx 170 : 4194304 59748832 0 131072 131072 0 0 0 0 
matrixMul.1.sm_30.ptx 169 : 4194304 46974464 0 0 0 0 0 0 0 
matrixMul.1.sm_30.ptx 168 : 4194304 59851840 0 131072 131072 0 0 0 0 
matrixMul.1.sm_30.ptx 167 : 4194304 59725824 0 131072 131072 0 0 0 0 
matrixMul.1.sm_30.ptx 166 : 4194304 46950112 0 0 0 0 0 0 0 
matrixMul.1.sm_30.ptx 165 : 4194304 60160576 0 131072 131072 0 0 0 0 
matrixMul.1.sm_30.ptx 164 : 4194304 60113312 0 131072 131072 0 0 0 0 
matrixMul.1.sm_30.ptx 163 : 4194304 46949248 0 0 0 0 0 0 0 
matrixMul.1.sm_30.ptx 162 : 4194304 60165568 0 131072 131072 0 0 0 0 
matrixMul.1.sm_30.ptx 161 : 4194304 60049184 0 131072 131072 0 0 0 0 
matrixMul.1.sm_30.ptx 160 : 4194304 46924000 0 0 0 0 0 0 0 
matrixMul.1.sm_30.ptx 159 : 4194304 60546560 0 131072 131072 0 0 0 0 
matrixMul.1.sm_30.ptx 158 : 4194304 60461536 0 131072 131072 0 0 0 0 
matrixMul.1.sm_30.ptx 157 : 4194304 46954912 0 0 0 0 0 0 0 
matrixMul.1.sm_30.ptx 156 : 4194304 60489792 0 131072 131072 0 0 0 0 
matrixMul.1.sm_30.ptx 155 : 4194304 60406432 0 131072 131072 0 0 0 0 
matrixMul.1.sm_30.ptx 154 : 4194304 46973952 0 0 0 0 0 0 0 
matrixMul.1.sm_30.ptx 153 : 4194304 60704992 0 131072 131072 0 0 0 0 
matrixMul.1.sm_30.ptx 152 : 4194304 60699360 0 131072 131072 0 0 0 0 
matrixMul.1.sm_30.ptx 151 : 4194304 46967584 0 0 0 0 0 0 0 
matrixMul.1.sm_30.ptx 150 : 4194304 60824416 0 131072 131072 0 0 0 0 
matrixMul.1.sm_30.ptx 149 : 4194304 60768992 0 131072 131072 0 0 0 0 
matrixMul.1.sm_30.ptx 148 : 4194304 46942176 0 0 0 0 0 0 0 
matrixMul.1.sm_30.ptx 147 : 4194304 61195776 0 131072 131072 0 0 0 0 
matrixMul.1.sm_30.ptx 146 : 4194304 61102144 0 131072 131072 0 0 0 0 
matrixMul.1.sm_30.ptx 145 : 4194304 46949248 0 0 0 0 0 0 0 
matrixMul.1.sm_30.ptx 144 : 4194304 61181440 0 131072 131072 0 0 0 0 
matrixMul.1.sm_30.ptx 143 : 4194304 61113152 0 131072 131072 0 0 0 0 
matrixMul.1.sm_30.ptx 142 : 4194304 46995904 0 0 0 0 0 0 0 
matrixMul.1.sm_30.ptx 141 : 4194304 61552576 0 131072 131072 0 0 0 0 
matrixMul.1.sm_30.ptx 140 : 4194304 61472448 0 131072 131072 0 0 0 0 
matrixMul.1.sm_30.ptx 139 : 4194304 46972512 0 0 0 0 0 0 0 
matrixMul.1.sm_30.ptx 138 : 4194304 61519328 0 131072 131072 0 0 0 0 
matrixMul.1.sm_30.ptx 137 : 4194304 61512896 0 131072 131072 0 0 0 0 
matrixMul.1.sm_30.ptx 136 : 4194304 47025920 0 0 0 0 0 0 0 
matrixMul.1.sm_30.ptx 135 : 4194304 61890400 0 131072 131072 0 0 0 0 
matrixMul.1.sm_30.ptx 134 : 4194304 61793248 0 131072 131072 0 0 0 0 
matrixMul.1.sm_30.ptx 133 : 4194304 47079968 0 0 0 0 0 0 0 
matrixMul.1.sm_30.ptx 132 : 4194304 61900480 0 131072 131072 0 0 0 0 
matrixMul.1.sm_30.ptx 131 : 4194304 61905664 0 131072 131072 0 0 0 0 
matrixMul.1.sm_30.ptx 130 : 4194304 47065600 0 0 0 0 0 0 0 
matrixMul.1.sm_30.ptx 129 : 4194304 62248096 0 131072 131072 0 0 0 0 
matrixMul.1.sm_30.ptx 128 : 4194304 62125376 0 131072 131072 0 0 0 0 
matrixMul.1.sm_30.ptx 127 : 4194304 47088896 0 0 0 0 0 0 0 
matrixMul.1.sm_30.ptx 126 : 4194304 62176608 0 131072 131072 0 0 0 0 
matrixMul.1.sm_30.ptx 125 : 4194304 62167584 0 131072 131072 0 0 0 0 
matrixMul.1.sm_30.ptx 124 : 4194304 47144928 0 0 0 0 0 0 0 
matrixMul.1.sm_30.ptx 123 : 4194304 62387872 0 131072 131072 0 0 0 0 
matrixMul.1.sm_30.ptx 122 : 4194304 62369216 0 131072 131072 0 0 0 0 
matrixMul.1.sm_30.ptx 121 : 4194304 47232832 0 0 0 0 0 0 0 
matrixMul.1.sm_30.ptx 120 : 4194304 62372320 0 131072 131072 0 0 0 0 
matrixMul.1.sm_30.ptx 119 : 4194304 62456256 0 131072 131072 0 0 0 0 
matrixMul.1.sm_30.ptx 118 : 4194304 47277152 0 0 0 0 0 0 0 
matrixMul.1.sm_30.ptx 117 : 4194304 62535040 0 131072 131072 0 0 0 0 
matrixMul.1.sm_30.ptx 116 : 4194304 62599296 0 131072 131072 0 0 0 0 
matrixMul.1.sm_30.ptx 115 : 4194304 47244768 0 0 0 0 0 0 0 
matrixMul.1.sm_30.ptx 70 : 4194304 42131200 0 0 0 0 0 0 0 
matrixMul.1.sm_30.ptx 69 : 4194304 42213696 0 0 0 0 0 0 0 
matrixMul.1.sm_30.ptx 66 : 262144 1599872 0 0 0 0 0 0 0 
matrixMul.1.sm_30.ptx 65 : 262144 1865056 0 0 0 0 0 0 0 
matrixMul.1.sm_30.ptx 64 : 262144 1584608 0 0 0 0 0 0 0 
matrixMul.1.sm_30.ptx 63 : 262144 2681664 0 0 0 0 0 0 0 
matrixMul.1.sm_30.ptx 62 : 262144 2696576 0 0 0 0 0 0 0 
matrixMul.1.sm_30.ptx 61 : 262144 2678688 0 0 0 0 0 0 0 
matrixMul.1.sm_30.ptx 60 : 262144 1587552 0 0 0 0 0 0 0 
matrixMul.1.sm_30.ptx 59 : 262144 2966272 0 0 0 0 0 0 0 
matrixMul.1.sm_30.ptx 58 : 262144 2698048 0 0 0 0 0 0 0 
matrixMul.1.sm_30.ptx 57 : 262144 1876032 0 0 0 0 0 0 0 
matrixMul.1.sm_30.ptx 56 : 262144 2726912 0 0 0 0 0 0 0 
matrixMul.1.sm_30.ptx 55 : 262144 1587744 0 0 0 0 0 0 0 
matrixMul.1.sm_30.ptx 54 : 262144 1936096 0 0 0 0 0 0 0 
matrixMul.1.sm_30.ptx 53 : 262144 2985248 0 0 0 0 0 0 0 
matrixMul.1.sm_30.ptx 52 : 262144 1585824 0 0 0 0 0 0 0 
matrixMul.1.sm_30.ptx 51 : 262144 1592800 0 0 0 0 0 0 0 
matrixMul.1.sm_30.ptx 39 : 262144 1584992 0 0 0 0 0 0 0 
matrixMul.1.sm_30.ptx 38 : 262144 1422400 0 0 0 0 0 0 0 
matrixMul.1.sm_30.ptx 37 : 262144 2437312 0 0 0 0 0 0 0 
matrixMul.1.sm_30.ptx 36 : 262144 2593728 0 0 0 0 0 0 0 
matrixMul.1.sm_30.ptx 71 : 4194304 42435328 0 0 0 0 0 0 0 
matrixMul.1.sm_30.ptx 34 : 262144 6151328 128 0 0 0 0 0 0 
matrixMul.1.sm_30.ptx 113 : 4194304 62590624 0 131072 131072 0 0 0 0 
matrixMul.1.sm_30.ptx 72 : 4194304 973695424 894848 0 0 131072 131072 0 0 
matrixMul.1.sm_30.ptx 35 : 262144 6149344 0 0 0 0 0 0 0 
matrixMul.1.sm_30.ptx 114 : 4194304 62543552 0 131072 131072 0 0 0 0 
matrixMul.1.sm_30.ptx 40 : 262144 2683488 0 0 0 0 0 0 0 
matrixMul.1.sm_30.ptx 41 : 262144 1873408 0 0 0 0 0 0 0 
matrixMul.1.sm_30.ptx 42 : 262144 2650496 0 0 0 0 0 0 0 
matrixMul.1.sm_30.ptx 43 : 262144 2658336 0 0 0 0 0 0 0 
matrixMul.1.sm_30.ptx 44 : 262144 1865504 0 0 0 0 0 0 0 
matrixMul.1.sm_30.ptx 45 : 262144 1872672 0 0 0 0 0 0 0 
matrixMul.1.sm_30.ptx 46 : 262144 1590400 0 0 0 0 0 0 0 
matrixMul.1.sm_30.ptx 47 : 262144 0 0 0 0 0 0 0 0 
matrixMul.1.sm_30.ptx 49 : 262144 1859488 0 0 0 0 0 0 0 
matrixMul.1.sm_30.ptx 50 : 262144 1865312 0 0 0 0 0 0 0 
matrixMul.1.sm_30.ptx 73 : 4194304 49741248 0 131072 131072 0 0 0 0 
matrixMul.1.sm_30.ptx 74 : 4194304 46619936 0 0 0 0 0 0 0 
matrixMul.1.sm_30.ptx 75 : 4194304 42146880 0 0 0 0 0 0 0 
matrixMul.1.sm_30.ptx 76 : 4194304 43043200 0 0 0 0 0 0 0 
matrixMul.1.sm_30.ptx 77 : 4194304 719722656 0 0 0 131072 131072 0 0 
matrixMul.1.sm_30.ptx 78 : 4194304 39271040 0 131072 131072 0 0 0 0 
matrixMul.1.sm_30.ptx 79 : 4194304 25190912 0 0 0 0 0 0 0 
matrixMul.1.sm_30.ptx 80 : 4194304 56678240 0 131072 131072 0 0 0 0 
matrixMul.1.sm_30.ptx 81 : 4194304 57511680 0 131072 131072 0 0 0 0 
matrixMul.1.sm_30.ptx 82 : 4194304 51094176 0 0 0 0 0 0 0 
matrixMul.1.sm_30.ptx 83 : 4194304 59467392 0 131072 131072 0 0 0 0 
matrixMul.1.sm_30.ptx 84 : 4194304 59624512 0 131072 131072 0 0 0 0 
matrixMul.1.sm_30.ptx 85 : 4194304 47694240 0 0 0 0 0 0 0 
matrixMul.1.sm_30.ptx 86 : 4194304 61336160 0 131072 131072 0 0 0 0 
matrixMul.1.sm_30.ptx 87 : 4194304 62028992 0 131072 131072 0 0 0 0 
matrixMul.1.sm_30.ptx 88 : 4194304 47814496 0 0 0 0 0 0 0 
matrixMul.1.sm_30.ptx 89 : 4194304 62873248 0 131072 131072 0 0 0 0 
matrixMul.1.sm_30.ptx 90 : 4194304 62812832 0 131072 131072 0 0 0 0 
matrixMul.1.sm_30.ptx 91 : 4194304 47679232 0 0 0 0 0 0 0 
matrixMul.1.sm_30.ptx 92 : 4194304 62982368 0 131072 131072 0 0 0 0 
matrixMul.1.sm_30.ptx 93 : 4194304 63151008 0 131072 131072 0 0 0 0 
matrixMul.1.sm_30.ptx 94 : 4194304 47678880 0 0 0 0 0 0 0 
matrixMul.1.sm_30.ptx 95 : 4194304 63112736 0 131072 131072 0 0 0 0 
matrixMul.1.sm_30.ptx 96 : 4194304 63116128 0 131072 131072 0 0 0 0 
matrixMul.1.sm_30.ptx 97 : 4194304 47484320 0 0 0 0 0 0 0 
matrixMul.1.sm_30.ptx 98 : 4194304 63044160 0 131072 131072 0 0 0 0 
matrixMul.1.sm_30.ptx 99 : 4194304 63109600 0 131072 131072 0 0 0 0 
matrixMul.1.sm_30.ptx 100 : 4194304 47504960 0 0 0 0 0 0 0 
matrixMul.1.sm_30.ptx 101 : 4194304 62946976 0 131072 131072 0 0 0 0 
matrixMul.1.sm_30.ptx 102 : 4194304 62966592 0 131072 131072 0 0 0 0 
matrixMul.1.sm_30.ptx 103 : 4194304 47364352 0 0 0 0 0 0 0 
matrixMul.1.sm_30.ptx 104 : 4194304 62998272 0 131072 131072 0 0 0 0 
matrixMul.1.sm_30.ptx 105 : 4194304 63068096 0 131072 131072 0 0 0 0 
matrixMul.1.sm_30.ptx 106 : 4194304 47379008 0 0 0 0 0 0 0 
matrixMul.1.sm_30.ptx 107 : 4194304 62795968 0 131072 131072 0 0 0 0 
matrixMul.1.sm_30.ptx 108 : 4194304 62766528 0 131072 131072 0 0 0 0 
matrixMul.1.sm_30.ptx 109 : 4194304 47371712 0 0 0 0 0 0 0 
matrixMul.1.sm_30.ptx 110 : 4194304 62832768 0 131072 131072 0 0 0 0 
matrixMul.1.sm_30.ptx 111 : 4194304 62944512 0 131072 131072 0 0 0 0 
matrixMul.1.sm_30.ptx 112 : 4194304 47477600 0 0 0 0 0 0 0 
