kernel line : count latency dram_traffic smem_bk_conflicts smem_warp gmem_access_generated gmem_warp exposed_latency warp_divergence
matrixMul.1.sm_30.ptx 329 : 16384 115776 0 0 0 0 0 0 0 
matrixMul.1.sm_30.ptx 328 : 16384 120640 0 0 0 2048 512 0 0 
matrixMul.1.sm_30.ptx 327 : 16384 188224 0 0 0 0 0 0 0 
matrixMul.1.sm_30.ptx 326 : 16384 184000 0 0 0 0 0 0 0 
matrixMul.1.sm_30.ptx 325 : 16384 143360 0 0 0 0 0 0 0 
matrixMul.1.sm_30.ptx 324 : 16384 262080 0 0 0 0 0 0 0 
matrixMul.1.sm_30.ptx 323 : 16384 120576 0 0 0 0 0 0 0 
matrixMul.1.sm_30.ptx 322 : 16384 180864 0 0 0 0 0 0 0 
matrixMul.1.sm_30.ptx 321 : 16384 116736 0 0 0 0 0 0 0 
matrixMul.1.sm_30.ptx 320 : 16384 280128 0 0 0 0 0 0 0 
matrixMul.1.sm_30.ptx 319 : 16384 98304 0 0 0 0 0 0 0 
matrixMul.1.sm_30.ptx 318 : 16384 98304 0 0 0 0 0 0 0 
matrixMul.1.sm_30.ptx 315 : 65536 294912 0 0 0 0 0 0 0 
matrixMul.1.sm_30.ptx 314 : 65536 462976 0 0 0 0 0 0 0 
matrixMul.1.sm_30.ptx 313 : 65536 778496 0 0 0 0 0 0 0 
matrixMul.1.sm_30.ptx 312 : 65536 1094752 0 0 0 0 0 0 0 
matrixMul.1.sm_30.ptx 311 : 65536 510208 0 0 0 0 0 0 0 
matrixMul.1.sm_30.ptx 310 : 65536 606048 0 0 0 0 0 0 0 
matrixMul.1.sm_30.ptx 309 : 65536 2623776 0 2048 2048 0 0 0 0 
matrixMul.1.sm_30.ptx 308 : 65536 2600384 0 2048 2048 0 0 0 0 
matrixMul.1.sm_30.ptx 307 : 65536 608000 0 0 0 0 0 0 0 
matrixMul.1.sm_30.ptx 306 : 65536 2700736 0 2048 2048 0 0 0 0 
matrixMul.1.sm_30.ptx 305 : 65536 2679360 0 2048 2048 0 0 0 0 
matrixMul.1.sm_30.ptx 304 : 65536 617440 0 0 0 0 0 0 0 
matrixMul.1.sm_30.ptx 303 : 65536 2796576 0 2048 2048 0 0 0 0 
matrixMul.1.sm_30.ptx 302 : 65536 2851584 0 2048 2048 0 0 0 0 
matrixMul.1.sm_30.ptx 301 : 65536 620992 0 0 0 0 0 0 0 
matrixMul.1.sm_30.ptx 300 : 65536 2794592 0 2048 2048 0 0 0 0 
matrixMul.1.sm_30.ptx 299 : 65536 2806304 0 2048 2048 0 0 0 0 
matrixMul.1.sm_30.ptx 298 : 65536 631648 0 0 0 0 0 0 0 
matrixMul.1.sm_30.ptx 297 : 65536 2831584 0 2048 2048 0 0 0 0 
matrixMul.1.sm_30.ptx 296 : 65536 2915648 0 2048 2048 0 0 0 0 
matrixMul.1.sm_30.ptx 295 : 65536 625536 0 0 0 0 0 0 0 
matrixMul.1.sm_30.ptx 294 : 65536 2798656 0 2048 2048 0 0 0 0 
matrixMul.1.sm_30.ptx 293 : 65536 2929728 0 2048 2048 0 0 0 0 
matrixMul.1.sm_30.ptx 292 : 65536 635008 0 0 0 0 0 0 0 
matrixMul.1.sm_30.ptx 291 : 65536 2873536 0 2048 2048 0 0 0 0 
matrixMul.1.sm_30.ptx 290 : 65536 2862656 0 2048 2048 0 0 0 0 
matrixMul.1.sm_30.ptx 289 : 65536 621792 0 0 0 0 0 0 0 
matrixMul.1.sm_30.ptx 288 : 65536 3110944 0 2048 2048 0 0 0 0 
matrixMul.1.sm_30.ptx 287 : 65536 2963968 0 2048 2048 0 0 0 0 
matrixMul.1.sm_30.ptx 286 : 65536 632160 0 0 0 0 0 0 0 
matrixMul.1.sm_30.ptx 285 : 65536 2810208 0 2048 2048 0 0 0 0 
matrixMul.1.sm_30.ptx 284 : 65536 2892576 0 2048 2048 0 0 0 0 
matrixMul.1.sm_30.ptx 283 : 65536 634208 0 0 0 0 0 0 0 
matrixMul.1.sm_30.ptx 282 : 65536 2810528 0 2048 2048 0 0 0 0 
matrixMul.1.sm_30.ptx 281 : 65536 2873952 0 2048 2048 0 0 0 0 
matrixMul.1.sm_30.ptx 280 : 65536 630848 0 0 0 0 0 0 0 
matrixMul.1.sm_30.ptx 279 : 65536 2846592 0 2048 2048 0 0 0 0 
matrixMul.1.sm_30.ptx 278 : 65536 2900096 0 2048 2048 0 0 0 0 
matrixMul.1.sm_30.ptx 277 : 65536 629376 0 0 0 0 0 0 0 
matrixMul.1.sm_30.ptx 276 : 65536 2821696 0 2048 2048 0 0 0 0 
matrixMul.1.sm_30.ptx 275 : 65536 3004416 0 2048 2048 0 0 0 0 
matrixMul.1.sm_30.ptx 274 : 65536 627680 0 0 0 0 0 0 0 
matrixMul.1.sm_30.ptx 273 : 65536 2896000 0 2048 2048 0 0 0 0 
matrixMul.1.sm_30.ptx 272 : 65536 2971840 0 2048 2048 0 0 0 0 
matrixMul.1.sm_30.ptx 271 : 65536 632512 0 0 0 0 0 0 0 
matrixMul.1.sm_30.ptx 270 : 65536 3162240 0 2048 2048 0 0 0 0 
matrixMul.1.sm_30.ptx 269 : 65536 3334912 0 2048 2048 0 0 0 0 
matrixMul.1.sm_30.ptx 268 : 65536 639168 0 0 0 0 0 0 0 
matrixMul.1.sm_30.ptx 267 : 65536 3247360 0 2048 2048 0 0 0 0 
matrixMul.1.sm_30.ptx 266 : 65536 3280512 0 2048 2048 0 0 0 0 
matrixMul.1.sm_30.ptx 265 : 65536 653024 0 0 0 0 0 0 0 
matrixMul.1.sm_30.ptx 264 : 65536 2845632 0 2048 2048 0 0 0 0 
matrixMul.1.sm_30.ptx 263 : 65536 2906784 0 2048 2048 0 0 0 0 
matrixMul.1.sm_30.ptx 262 : 65536 664896 0 0 0 0 0 0 0 
matrixMul.1.sm_30.ptx 261 : 65536 2959296 0 2048 2048 0 0 0 0 
matrixMul.1.sm_30.ptx 260 : 65536 2953088 0 2048 2048 0 0 0 0 
matrixMul.1.sm_30.ptx 259 : 65536 652768 0 0 0 0 0 0 0 
matrixMul.1.sm_30.ptx 258 : 65536 3047392 0 2048 2048 0 0 0 0 
matrixMul.1.sm_30.ptx 257 : 65536 2936544 0 2048 2048 0 0 0 0 
matrixMul.1.sm_30.ptx 256 : 65536 650560 0 0 0 0 0 0 0 
matrixMul.1.sm_30.ptx 255 : 65536 3014912 0 2048 2048 0 0 0 0 
matrixMul.1.sm_30.ptx 254 : 65536 3105440 0 2048 2048 0 0 0 0 
matrixMul.1.sm_30.ptx 253 : 65536 660000 0 0 0 0 0 0 0 
matrixMul.1.sm_30.ptx 252 : 65536 2913376 0 2048 2048 0 0 0 0 
matrixMul.1.sm_30.ptx 251 : 65536 3014944 0 2048 2048 0 0 0 0 
matrixMul.1.sm_30.ptx 250 : 65536 664224 0 0 0 0 0 0 0 
matrixMul.1.sm_30.ptx 205 : 65536 772256 0 0 0 0 0 0 0 
matrixMul.1.sm_30.ptx 204 : 65536 935904 0 0 0 0 0 0 0 
matrixMul.1.sm_30.ptx 201 : 16384 128512 0 0 0 0 0 0 0 
matrixMul.1.sm_30.ptx 200 : 16384 146432 0 0 0 0 0 0 0 
matrixMul.1.sm_30.ptx 199 : 16384 168960 0 0 0 0 0 0 0 
matrixMul.1.sm_30.ptx 198 : 16384 238592 0 0 0 0 0 0 0 
matrixMul.1.sm_30.ptx 197 : 16384 255488 0 0 0 0 0 0 0 
matrixMul.1.sm_30.ptx 196 : 16384 182784 0 0 0 0 0 0 0 
matrixMul.1.sm_30.ptx 195 : 16384 181248 0 0 0 0 0 0 0 
matrixMul.1.sm_30.ptx 194 : 16384 192512 0 0 0 0 0 0 0 
matrixMul.1.sm_30.ptx 193 : 16384 187904 0 0 0 0 0 0 0 
matrixMul.1.sm_30.ptx 192 : 16384 130048 0 0 0 0 0 0 0 
matrixMul.1.sm_30.ptx 191 : 16384 183296 0 0 0 0 0 0 0 
matrixMul.1.sm_30.ptx 190 : 16384 210432 0 0 0 0 0 0 0 
matrixMul.1.sm_30.ptx 189 : 16384 117760 0 0 0 0 0 0 0 
matrixMul.1.sm_30.ptx 188 : 16384 212480 0 0 0 0 0 0 0 
matrixMul.1.sm_30.ptx 187 : 16384 98304 0 0 0 0 0 0 0 
matrixMul.1.sm_30.ptx 186 : 16384 105984 0 0 0 0 0 0 0 
matrixMul.1.sm_30.ptx 174 : 16384 165376 0 0 0 0 0 0 0 
matrixMul.1.sm_30.ptx 173 : 16384 216064 0 0 0 0 0 0 0 
matrixMul.1.sm_30.ptx 172 : 16384 212992 0 0 0 0 0 0 0 
matrixMul.1.sm_30.ptx 171 : 16384 212992 0 0 0 0 0 0 0 
matrixMul.1.sm_30.ptx 206 : 65536 767392 0 0 0 0 0 0 0 
matrixMul.1.sm_30.ptx 169 : 16384 462336 0 0 0 0 0 0 0 
matrixMul.1.sm_30.ptx 248 : 65536 3202304 0 2048 2048 0 0 0 0 
matrixMul.1.sm_30.ptx 207 : 65536 22743904 0 0 0 8192 2048 0 0 
matrixMul.1.sm_30.ptx 170 : 16384 212992 0 0 0 0 0 0 0 
matrixMul.1.sm_30.ptx 249 : 65536 2949440 0 2048 2048 0 0 0 0 
matrixMul.1.sm_30.ptx 175 : 16384 222720 0 0 0 0 0 0 0 
matrixMul.1.sm_30.ptx 176 : 16384 122880 0 0 0 0 0 0 0 
matrixMul.1.sm_30.ptx 177 : 16384 247296 0 0 0 0 0 0 0 
matrixMul.1.sm_30.ptx 178 : 16384 178176 0 0 0 0 0 0 0 
matrixMul.1.sm_30.ptx 179 : 16384 258048 0 0 0 0 0 0 0 
matrixMul.1.sm_30.ptx 180 : 16384 113152 0 0 0 0 0 0 0 
matrixMul.1.sm_30.ptx 181 : 16384 109568 0 0 0 0 0 0 0 
matrixMul.1.sm_30.ptx 182 : 16384 0 0 0 0 0 0 0 0 
matrixMul.1.sm_30.ptx 184 : 16384 98304 0 0 0 0 0 0 0 
matrixMul.1.sm_30.ptx 185 : 16384 112640 0 0 0 0 0 0 0 
matrixMul.1.sm_30.ptx 208 : 65536 287008 0 2048 2048 0 0 0 0 
matrixMul.1.sm_30.ptx 209 : 65536 661760 0 0 0 0 0 0 0 
matrixMul.1.sm_30.ptx 210 : 65536 667680 0 0 0 0 0 0 0 
matrixMul.1.sm_30.ptx 211 : 65536 668992 0 0 0 0 0 0 0 
matrixMul.1.sm_30.ptx 212 : 65536 19704224 0 0 0 8192 2048 0 0 
matrixMul.1.sm_30.ptx 213 : 65536 263008 0 2048 2048 0 0 0 0 
matrixMul.1.sm_30.ptx 214 : 65536 327680 0 0 0 0 0 0 0 
matrixMul.1.sm_30.ptx 215 : 65536 3068096 0 2048 2048 0 0 0 0 
matrixMul.1.sm_30.ptx 216 : 65536 2834112 0 2048 2048 0 0 0 0 
matrixMul.1.sm_30.ptx 217 : 65536 653664 0 0 0 0 0 0 0 
matrixMul.1.sm_30.ptx 218 : 65536 3243008 0 2048 2048 0 0 0 0 
matrixMul.1.sm_30.ptx 219 : 65536 3063968 0 2048 2048 0 0 0 0 
matrixMul.1.sm_30.ptx 220 : 65536 671552 0 0 0 0 0 0 0 
matrixMul.1.sm_30.ptx 221 : 65536 3309632 0 2048 2048 0 0 0 0 
matrixMul.1.sm_30.ptx 222 : 65536 3219488 0 2048 2048 0 0 0 0 
matrixMul.1.sm_30.ptx 223 : 65536 699936 0 0 0 0 0 0 0 
matrixMul.1.sm_30.ptx 224 : 65536 3013760 0 2048 2048 0 0 0 0 
matrixMul.1.sm_30.ptx 225 : 65536 4243712 0 2048 2048 0 0 0 0 
matrixMul.1.sm_30.ptx 226 : 65536 701152 0 0 0 0 0 0 0 
matrixMul.1.sm_30.ptx 227 : 65536 3020928 0 2048 2048 0 0 0 0 
matrixMul.1.sm_30.ptx 228 : 65536 3904032 0 2048 2048 0 0 0 0 
matrixMul.1.sm_30.ptx 229 : 65536 705632 0 0 0 0 0 0 0 
matrixMul.1.sm_30.ptx 230 : 65536 4788384 0 2048 2048 0 0 0 0 
matrixMul.1.sm_30.ptx 231 : 65536 3031712 0 2048 2048 0 0 0 0 
matrixMul.1.sm_30.ptx 232 : 65536 698592 0 0 0 0 0 0 0 
matrixMul.1.sm_30.ptx 233 : 65536 3065408 0 2048 2048 0 0 0 0 
matrixMul.1.sm_30.ptx 234 : 65536 3016224 0 2048 2048 0 0 0 0 
matrixMul.1.sm_30.ptx 235 : 65536 673728 0 0 0 0 0 0 0 
matrixMul.1.sm_30.ptx 236 : 65536 3146976 0 2048 2048 0 0 0 0 
matrixMul.1.sm_30.ptx 237 : 65536 2943424 0 2048 2048 0 0 0 0 
matrixMul.1.sm_30.ptx 238 : 65536 656544 0 0 0 0 0 0 0 
matrixMul.1.sm_30.ptx 239 : 65536 3016416 0 2048 2048 0 0 0 0 
matrixMul.1.sm_30.ptx 240 : 65536 2933824 0 2048 2048 0 0 0 0 
matrixMul.1.sm_30.ptx 241 : 65536 683104 0 0 0 0 0 0 0 
matrixMul.1.sm_30.ptx 242 : 65536 2957024 0 2048 2048 0 0 0 0 
matrixMul.1.sm_30.ptx 243 : 65536 2875680 0 2048 2048 0 0 0 0 
matrixMul.1.sm_30.ptx 244 : 65536 652160 0 0 0 0 0 0 0 
matrixMul.1.sm_30.ptx 245 : 65536 2968928 0 2048 2048 0 0 0 0 
matrixMul.1.sm_30.ptx 246 : 65536 2964160 0 2048 2048 0 0 0 0 
matrixMul.1.sm_30.ptx 247 : 65536 649664 0 0 0 0 0 0 0 
