kernel line : count latency dram_traffic smem_bk_conflicts smem_warp gmem_access_generated gmem_warp exposed_latency warp_divergence
matrixMul.1.sm_30.ptx 329 : 16384 116320 0 0 0 0 0 0 0 
matrixMul.1.sm_30.ptx 328 : 16384 119584 0 0 0 2048 512 0 0 
matrixMul.1.sm_30.ptx 327 : 16384 188352 0 0 0 0 0 0 0 
matrixMul.1.sm_30.ptx 326 : 16384 184800 0 0 0 0 0 0 0 
matrixMul.1.sm_30.ptx 325 : 16384 148352 0 0 0 0 0 0 0 
matrixMul.1.sm_30.ptx 324 : 16384 256064 0 0 0 0 0 0 0 
matrixMul.1.sm_30.ptx 323 : 16384 120672 0 0 0 0 0 0 0 
matrixMul.1.sm_30.ptx 322 : 16384 180448 0 0 0 0 0 0 0 
matrixMul.1.sm_30.ptx 321 : 16384 116736 0 0 0 0 0 0 0 
matrixMul.1.sm_30.ptx 320 : 16384 280000 0 0 0 0 0 0 0 
matrixMul.1.sm_30.ptx 319 : 16384 98304 0 0 0 0 0 0 0 
matrixMul.1.sm_30.ptx 318 : 16384 98304 0 0 0 0 0 0 0 
matrixMul.1.sm_30.ptx 315 : 65536 294912 0 0 0 0 0 0 0 
matrixMul.1.sm_30.ptx 314 : 65536 462720 0 0 0 0 0 0 0 
matrixMul.1.sm_30.ptx 313 : 65536 777984 0 0 0 0 0 0 0 
matrixMul.1.sm_30.ptx 312 : 65536 1094560 0 0 0 0 0 0 0 
matrixMul.1.sm_30.ptx 311 : 65536 512224 0 0 0 0 0 0 0 
matrixMul.1.sm_30.ptx 310 : 65536 607520 0 0 0 0 0 0 0 
matrixMul.1.sm_30.ptx 309 : 65536 2624864 0 2048 2048 0 0 0 0 
matrixMul.1.sm_30.ptx 308 : 65536 2600992 0 2048 2048 0 0 0 0 
matrixMul.1.sm_30.ptx 307 : 65536 609248 0 0 0 0 0 0 0 
matrixMul.1.sm_30.ptx 306 : 65536 2708832 0 2048 2048 0 0 0 0 
matrixMul.1.sm_30.ptx 305 : 65536 2684736 0 2048 2048 0 0 0 0 
matrixMul.1.sm_30.ptx 304 : 65536 619744 0 0 0 0 0 0 0 
matrixMul.1.sm_30.ptx 303 : 65536 2800480 0 2048 2048 0 0 0 0 
matrixMul.1.sm_30.ptx 302 : 65536 2860224 0 2048 2048 0 0 0 0 
matrixMul.1.sm_30.ptx 301 : 65536 623392 0 0 0 0 0 0 0 
matrixMul.1.sm_30.ptx 300 : 65536 2800416 0 2048 2048 0 0 0 0 
matrixMul.1.sm_30.ptx 299 : 65536 2811808 0 2048 2048 0 0 0 0 
matrixMul.1.sm_30.ptx 298 : 65536 634720 0 0 0 0 0 0 0 
matrixMul.1.sm_30.ptx 297 : 65536 2838944 0 2048 2048 0 0 0 0 
matrixMul.1.sm_30.ptx 296 : 65536 2927840 0 2048 2048 0 0 0 0 
matrixMul.1.sm_30.ptx 295 : 65536 628224 0 0 0 0 0 0 0 
matrixMul.1.sm_30.ptx 294 : 65536 2805024 0 2048 2048 0 0 0 0 
matrixMul.1.sm_30.ptx 293 : 65536 2936192 0 2048 2048 0 0 0 0 
matrixMul.1.sm_30.ptx 292 : 65536 638912 0 0 0 0 0 0 0 
matrixMul.1.sm_30.ptx 291 : 65536 2890208 0 2048 2048 0 0 0 0 
matrixMul.1.sm_30.ptx 290 : 65536 2871360 0 2048 2048 0 0 0 0 
matrixMul.1.sm_30.ptx 289 : 65536 623584 0 0 0 0 0 0 0 
matrixMul.1.sm_30.ptx 288 : 65536 3161824 0 2048 2048 0 0 0 0 
matrixMul.1.sm_30.ptx 287 : 65536 2975296 0 2048 2048 0 0 0 0 
matrixMul.1.sm_30.ptx 286 : 65536 634592 0 0 0 0 0 0 0 
matrixMul.1.sm_30.ptx 285 : 65536 2818688 0 2048 2048 0 0 0 0 
matrixMul.1.sm_30.ptx 284 : 65536 2900544 0 2048 2048 0 0 0 0 
matrixMul.1.sm_30.ptx 283 : 65536 637344 0 0 0 0 0 0 0 
matrixMul.1.sm_30.ptx 282 : 65536 2818880 0 2048 2048 0 0 0 0 
matrixMul.1.sm_30.ptx 281 : 65536 2885888 0 2048 2048 0 0 0 0 
matrixMul.1.sm_30.ptx 280 : 65536 634240 0 0 0 0 0 0 0 
matrixMul.1.sm_30.ptx 279 : 65536 2858144 0 2048 2048 0 0 0 0 
matrixMul.1.sm_30.ptx 278 : 65536 2909696 0 2048 2048 0 0 0 0 
matrixMul.1.sm_30.ptx 277 : 65536 631616 0 0 0 0 0 0 0 
matrixMul.1.sm_30.ptx 276 : 65536 2826816 0 2048 2048 0 0 0 0 
matrixMul.1.sm_30.ptx 275 : 65536 3032128 0 2048 2048 0 0 0 0 
matrixMul.1.sm_30.ptx 274 : 65536 630080 0 0 0 0 0 0 0 
matrixMul.1.sm_30.ptx 273 : 65536 2902720 0 2048 2048 0 0 0 0 
matrixMul.1.sm_30.ptx 272 : 65536 2981056 0 2048 2048 0 0 0 0 
matrixMul.1.sm_30.ptx 271 : 65536 633312 0 0 0 0 0 0 0 
matrixMul.1.sm_30.ptx 270 : 65536 3088736 0 2048 2048 0 0 0 0 
matrixMul.1.sm_30.ptx 269 : 65536 3280480 0 2048 2048 0 0 0 0 
matrixMul.1.sm_30.ptx 268 : 65536 639680 0 0 0 0 0 0 0 
matrixMul.1.sm_30.ptx 267 : 65536 3180256 0 2048 2048 0 0 0 0 
matrixMul.1.sm_30.ptx 266 : 65536 3205344 0 2048 2048 0 0 0 0 
matrixMul.1.sm_30.ptx 265 : 65536 652192 0 0 0 0 0 0 0 
matrixMul.1.sm_30.ptx 264 : 65536 2841344 0 2048 2048 0 0 0 0 
matrixMul.1.sm_30.ptx 263 : 65536 2902144 0 2048 2048 0 0 0 0 
matrixMul.1.sm_30.ptx 262 : 65536 662176 0 0 0 0 0 0 0 
matrixMul.1.sm_30.ptx 261 : 65536 2945600 0 2048 2048 0 0 0 0 
matrixMul.1.sm_30.ptx 260 : 65536 2942336 0 2048 2048 0 0 0 0 
matrixMul.1.sm_30.ptx 259 : 65536 652992 0 0 0 0 0 0 0 
matrixMul.1.sm_30.ptx 258 : 65536 3037920 0 2048 2048 0 0 0 0 
matrixMul.1.sm_30.ptx 257 : 65536 2930912 0 2048 2048 0 0 0 0 
matrixMul.1.sm_30.ptx 256 : 65536 649152 0 0 0 0 0 0 0 
matrixMul.1.sm_30.ptx 255 : 65536 2996352 0 2048 2048 0 0 0 0 
matrixMul.1.sm_30.ptx 254 : 65536 3114848 0 2048 2048 0 0 0 0 
matrixMul.1.sm_30.ptx 253 : 65536 658368 0 0 0 0 0 0 0 
matrixMul.1.sm_30.ptx 252 : 65536 2896544 0 2048 2048 0 0 0 0 
matrixMul.1.sm_30.ptx 251 : 65536 3013472 0 2048 2048 0 0 0 0 
matrixMul.1.sm_30.ptx 250 : 65536 662112 0 0 0 0 0 0 0 
matrixMul.1.sm_30.ptx 205 : 65536 773376 0 0 0 0 0 0 0 
matrixMul.1.sm_30.ptx 204 : 65536 936192 0 0 0 0 0 0 0 
matrixMul.1.sm_30.ptx 201 : 16384 128512 0 0 0 0 0 0 0 
matrixMul.1.sm_30.ptx 200 : 16384 146432 0 0 0 0 0 0 0 
matrixMul.1.sm_30.ptx 199 : 16384 168960 0 0 0 0 0 0 0 
matrixMul.1.sm_30.ptx 198 : 16384 238592 0 0 0 0 0 0 0 
matrixMul.1.sm_30.ptx 197 : 16384 255488 0 0 0 0 0 0 0 
matrixMul.1.sm_30.ptx 196 : 16384 182784 0 0 0 0 0 0 0 
matrixMul.1.sm_30.ptx 195 : 16384 181248 0 0 0 0 0 0 0 
matrixMul.1.sm_30.ptx 194 : 16384 192512 0 0 0 0 0 0 0 
matrixMul.1.sm_30.ptx 193 : 16384 187904 0 0 0 0 0 0 0 
matrixMul.1.sm_30.ptx 192 : 16384 130048 0 0 0 0 0 0 0 
matrixMul.1.sm_30.ptx 191 : 16384 183296 0 0 0 0 0 0 0 
matrixMul.1.sm_30.ptx 190 : 16384 210432 0 0 0 0 0 0 0 
matrixMul.1.sm_30.ptx 189 : 16384 117760 0 0 0 0 0 0 0 
matrixMul.1.sm_30.ptx 188 : 16384 212480 0 0 0 0 0 0 0 
matrixMul.1.sm_30.ptx 187 : 16384 98304 0 0 0 0 0 0 0 
matrixMul.1.sm_30.ptx 186 : 16384 105984 0 0 0 0 0 0 0 
matrixMul.1.sm_30.ptx 174 : 16384 165376 0 0 0 0 0 0 0 
matrixMul.1.sm_30.ptx 173 : 16384 216064 0 0 0 0 0 0 0 
matrixMul.1.sm_30.ptx 172 : 16384 212992 0 0 0 0 0 0 0 
matrixMul.1.sm_30.ptx 171 : 16384 212992 0 0 0 0 0 0 0 
matrixMul.1.sm_30.ptx 206 : 65536 767392 0 0 0 0 0 0 0 
matrixMul.1.sm_30.ptx 169 : 16384 462336 0 0 0 0 0 0 0 
matrixMul.1.sm_30.ptx 248 : 65536 3220480 0 2048 2048 0 0 0 0 
matrixMul.1.sm_30.ptx 207 : 65536 23638944 0 0 0 8192 2048 0 0 
matrixMul.1.sm_30.ptx 170 : 16384 212992 0 0 0 0 0 0 0 
matrixMul.1.sm_30.ptx 249 : 65536 2935840 0 2048 2048 0 0 0 0 
matrixMul.1.sm_30.ptx 175 : 16384 222720 0 0 0 0 0 0 0 
matrixMul.1.sm_30.ptx 176 : 16384 122880 0 0 0 0 0 0 0 
matrixMul.1.sm_30.ptx 177 : 16384 247296 0 0 0 0 0 0 0 
matrixMul.1.sm_30.ptx 178 : 16384 178176 0 0 0 0 0 0 0 
matrixMul.1.sm_30.ptx 179 : 16384 258048 0 0 0 0 0 0 0 
matrixMul.1.sm_30.ptx 180 : 16384 113152 0 0 0 0 0 0 0 
matrixMul.1.sm_30.ptx 181 : 16384 109568 0 0 0 0 0 0 0 
matrixMul.1.sm_30.ptx 182 : 16384 0 0 0 0 0 0 0 0 
matrixMul.1.sm_30.ptx 184 : 16384 98304 0 0 0 0 0 0 0 
matrixMul.1.sm_30.ptx 185 : 16384 112640 0 0 0 0 0 0 0 
matrixMul.1.sm_30.ptx 208 : 65536 289472 0 2048 2048 0 0 0 0 
matrixMul.1.sm_30.ptx 209 : 65536 655040 0 0 0 0 0 0 0 
matrixMul.1.sm_30.ptx 210 : 65536 645536 0 0 0 0 0 0 0 
matrixMul.1.sm_30.ptx 211 : 65536 649696 0 0 0 0 0 0 0 
matrixMul.1.sm_30.ptx 212 : 65536 19820864 0 0 0 8192 2048 0 0 
matrixMul.1.sm_30.ptx 213 : 65536 263776 0 2048 2048 0 0 0 0 
matrixMul.1.sm_30.ptx 214 : 65536 328480 0 0 0 0 0 0 0 
matrixMul.1.sm_30.ptx 215 : 65536 3067168 0 2048 2048 0 0 0 0 
matrixMul.1.sm_30.ptx 216 : 65536 2834464 0 2048 2048 0 0 0 0 
matrixMul.1.sm_30.ptx 217 : 65536 653824 0 0 0 0 0 0 0 
matrixMul.1.sm_30.ptx 218 : 65536 3236576 0 2048 2048 0 0 0 0 
matrixMul.1.sm_30.ptx 219 : 65536 3037216 0 2048 2048 0 0 0 0 
matrixMul.1.sm_30.ptx 220 : 65536 672320 0 0 0 0 0 0 0 
matrixMul.1.sm_30.ptx 221 : 65536 3274464 0 2048 2048 0 0 0 0 
matrixMul.1.sm_30.ptx 222 : 65536 3202144 0 2048 2048 0 0 0 0 
matrixMul.1.sm_30.ptx 223 : 65536 695648 0 0 0 0 0 0 0 
matrixMul.1.sm_30.ptx 224 : 65536 3026944 0 2048 2048 0 0 0 0 
matrixMul.1.sm_30.ptx 225 : 65536 4195808 0 2048 2048 0 0 0 0 
matrixMul.1.sm_30.ptx 226 : 65536 701312 0 0 0 0 0 0 0 
matrixMul.1.sm_30.ptx 227 : 65536 3016896 0 2048 2048 0 0 0 0 
matrixMul.1.sm_30.ptx 228 : 65536 4001280 0 2048 2048 0 0 0 0 
matrixMul.1.sm_30.ptx 229 : 65536 707488 0 0 0 0 0 0 0 
matrixMul.1.sm_30.ptx 230 : 65536 5014784 0 2048 2048 0 0 0 0 
matrixMul.1.sm_30.ptx 231 : 65536 3046144 0 2048 2048 0 0 0 0 
matrixMul.1.sm_30.ptx 232 : 65536 702592 0 0 0 0 0 0 0 
matrixMul.1.sm_30.ptx 233 : 65536 3067488 0 2048 2048 0 0 0 0 
matrixMul.1.sm_30.ptx 234 : 65536 3014176 0 2048 2048 0 0 0 0 
matrixMul.1.sm_30.ptx 235 : 65536 673312 0 0 0 0 0 0 0 
matrixMul.1.sm_30.ptx 236 : 65536 3129696 0 2048 2048 0 0 0 0 
matrixMul.1.sm_30.ptx 237 : 65536 2938080 0 2048 2048 0 0 0 0 
matrixMul.1.sm_30.ptx 238 : 65536 655200 0 0 0 0 0 0 0 
matrixMul.1.sm_30.ptx 239 : 65536 2993056 0 2048 2048 0 0 0 0 
matrixMul.1.sm_30.ptx 240 : 65536 2926304 0 2048 2048 0 0 0 0 
matrixMul.1.sm_30.ptx 241 : 65536 680512 0 0 0 0 0 0 0 
matrixMul.1.sm_30.ptx 242 : 65536 2944288 0 2048 2048 0 0 0 0 
matrixMul.1.sm_30.ptx 243 : 65536 2869728 0 2048 2048 0 0 0 0 
matrixMul.1.sm_30.ptx 244 : 65536 649888 0 0 0 0 0 0 0 
matrixMul.1.sm_30.ptx 245 : 65536 2971296 0 2048 2048 0 0 0 0 
matrixMul.1.sm_30.ptx 246 : 65536 2953760 0 2048 2048 0 0 0 0 
matrixMul.1.sm_30.ptx 247 : 65536 647776 0 0 0 0 0 0 0 
